Simulated Annealing Process Info
Max Temperature: 100.0
Minimum Temperature: 1.0E-4
alpha: 0.99
Temperatures
99.0
98.01
97.0299
96.059601
95.09900499
94.1480149401
93.206534790699
92.27446944279201
91.35172474836409
90.43820750088045
89.53382542587164
88.63848717161292
87.75210229989679
86.87458127689783
86.00583546412885
85.14577710948755
84.29431933839268
83.45137614500875
82.61686238355867
81.79069375972308
80.97278682212585
80.1630589539046
79.36142836436555
78.56781408072189
77.78213593991467
77.00431458051553
76.23427143471037
75.47192872036327
74.71720943315964
73.97003733882804
73.23033696543976
72.49803359578536
71.7730532598275
71.05532272722922
70.34476949995693
69.64132180495736
68.94490858690779
68.25545950103871
67.57290490602833
66.89717585696805
66.22820409839836
65.56592205741438
64.91026283684023
64.26116020847184
63.618548606387115
62.98236312032324
62.35253948912001
61.72901409422881
61.11172395328652
60.500606713753655
59.89560064661612
59.29664464014996
58.70367819374846
58.116641411810974
57.535474997692866
56.960120247715935
56.390519045238776
55.82661385478639
55.26834771623852
54.71566423907614
54.16850759668538
53.62682252071853
53.09055429551134
52.55964875255623
52.03405226503067
51.51371174238036
50.998574624956554
50.488588878706985
49.98370298991991
49.483865960020715
48.98902730042051
48.4991370274163
48.01414565714214
47.53400420057071
47.05866415856501
46.58807751697936
46.12219674180957
45.66097477439147
45.20436502664755
44.752321376381076
44.30479816261727
43.861750180991095
43.42313267918119
42.98890135238938
42.559012338865486
42.133422215476834
41.712087993322065
41.29496711338884
40.882017442254956
40.473197267832404
40.06846529515408
39.66778064220254
39.27110283578051
38.8783918074227
38.48960788934848
38.104711810454994
37.72366469235045
37.34642804542694
36.97296376497267
36.60323412732294
36.23720178604971
35.874829768189215
35.516081470507324
35.16092065580225
34.80931144924423
34.461218334751784
34.11660615140427
33.775440089890225
33.43768568899132
33.10330883210141
32.7722757437804
32.44455298634259
32.12010745647917
31.798906381914374
31.48091731809523
31.16610814491428
30.854447063465138
30.545902592830487
30.240443566902183
29.93803913123316
29.638658739920828
29.34227215252162
29.048849430996402
28.758360936686437
28.47077732731957
28.186069554046373
27.90420885850591
27.625166769920853
27.348915102221643
27.075425951199424
26.804671691687428
26.536624974770554
26.271258725022847
26.00854613777262
25.748460676394892
25.490976069630943
25.23606630893463
24.983705645845284
24.73386858938683
24.48652990349296
24.24166460445803
23.99924795841345
23.759255478829314
23.52166292404102
23.28644629480061
23.053581831852604
22.82304601353408
22.59481555339874
22.36886739786475
22.145178723886104
21.923726936647242
21.704489667280768
21.48744477060796
21.27257032290188
21.059844619672862
20.849246173476132
20.64075371174137
20.434346174623958
20.230002712877717
20.027702685748938
19.82742565889145
19.629151402302536
19.43285988827951
19.238531289396715
19.046145976502746
18.855684516737718
18.66712767157034
18.480456394854638
18.295651830906092
18.11269531259703
17.931568359471058
17.752252675876345
17.57473014911758
17.398982847626407
17.22499301915014
17.05274308895864
16.882215658069054
16.713393501488362
16.546259566473477
16.380796970808742
16.216989001100654
16.054819111089646
15.89427091997875
15.735328210778961
15.577974928671171
15.42219517938446
15.267973227590614
15.115293495314708
14.96414056036156
14.814499154757945
14.666354163210364
14.519690621578262
14.374493715362478
14.230748778208852
14.088441290426763
13.947556877522496
13.808081308747271
13.670000495659798
13.5333004907032
13.397967485796167
13.263987810938206
13.131347932828824
13.000034453500536
12.87003410896553
12.741333767875876
12.613920430197117
12.487781225895146
12.362903413636195
12.239274379499832
12.116881635704834
11.995712819347785
11.875755691154307
11.756998134242764
11.639428152900336
11.523033871371332
11.407803532657619
11.293725497331042
11.180788242357732
11.068980359934155
10.958290556334813
10.848707650771464
10.74022057426375
10.632818368521113
10.526490184835902
10.421225282987542
10.317013030157668
10.213842899856092
10.11170447085753
10.010587426148955
9.910481551887466
9.811376736368592
9.713262969004907
9.616130339314857
9.519969035921708
9.42476934556249
9.330521652106865
9.237216435585797
9.144844271229939
9.053395828517639
8.962861870232462
8.873233251530138
8.784500919014837
8.696655909824688
8.609689350726441
8.523592457219177
8.438356532646985
8.353972967320516
8.27043323764731
8.187728905270838
8.105851616218128
8.024793100055946
7.944545169055387
7.865099717364833
7.786448720191185
7.708584232989273
7.63149839065938
7.5551834067527865
7.479631572685259
7.404835256958406
7.330786904388821
7.257479035344933
7.1849042449914835
7.1130552025415685
7.041924650516153
6.971505404010991
6.901790349970882
6.832772446471173
6.764444722006462
6.696800274786397
6.6298322720385325
6.563533949318147
6.497898609824966
6.432919623726716
6.3685904274894485
6.304904523214554
6.2418554779824085
6.1794369232025845
6.117642553970558
6.056466128430853
5.9959014671465445
5.935942452475079
5.8765830279503275
5.817817197670824
5.759639025694116
5.7020426354371745
5.645022209082803
5.588571986991974
5.532686267122054
5.477359404450834
5.422585810406325
5.368359952302262
5.314676352779239
5.261529589251447
5.208914293358933
5.156825150425344
5.10525689892109
5.0542043299318795
5.003662286632561
4.953625663766235
4.9040894071285726
4.8550485130572865
4.806498027926714
4.758433047647447
4.710848717170973
4.663740229999263
4.61710282769927
4.570931799422278
4.525222481428055
4.4799702566137745
4.4351705540476365
4.39081884850716
4.346910660022088
4.303441553421867
4.260407137887648
4.217803066508771
4.175625035843683
4.133868785485246
4.0925300976303935
4.05160479665409
4.011088748687548
3.970977861200673
3.9312680825886663
3.8919554017627798
3.853035847745152
3.8145054892677006
3.7763604343750234
3.7385968300312733
3.7012108617309605
3.664198753113651
3.6275567655825145
3.591281197926689
3.555368385947422
3.519814702087948
3.4846165550670687
3.449770389516398
3.415272685621234
3.3811199587650216
3.347308759177371
3.3138356715855974
3.2806973148697414
3.247890341721044
3.2154114383038332
3.183257323920795
3.1514247506815867
3.1199105031747707
3.088711398143023
3.0578242841615926
3.0272460413199767
2.996973580906777
2.967003845097709
2.9373338066467323
2.907960468580265
2.8788808638944623
2.8500920552555176
2.8215911347029623
2.7933752233559326
2.765441471122373
2.7377870564111495
2.710409185847038
2.6833050939885674
2.656472043048682
2.629907322618195
2.603608249392013
2.577572166898093
2.551796445229112
2.526278480776821
2.501015695969053
2.4760055390093623
2.4512454836192688
2.426733028783076
2.402465698495245
2.3784410415102926
2.3546566310951897
2.3311100647842378
2.307798964136395
2.2847209744950314
2.261873764750081
2.23925502710258
2.2168624768315546
2.194693852063239
2.1727469135426065
2.1510194444071806
2.129509249963109
2.108214157463478
2.087132015888843
2.0662606957299547
2.045598088772655
2.0251421078849283
2.004890686806079
1.9848417799380185
1.9649933621386382
1.9453434285172517
1.9258899942320793
1.9066310942897584
1.8875647833468607
1.868689135513392
1.8500022441582582
1.8315022217166756
1.8131871994995088
1.7950553275045138
1.7771047742294686
1.7593337264871738
1.741740389222302
1.724322985330079
1.7070797554767783
1.6900089579220106
1.6731088683427904
1.6563777796593624
1.6398140018627687
1.623415861844141
1.6071817032256996
1.5911098861934427
1.5751987873315083
1.5594467994581933
1.5438523314636114
1.5284138081489753
1.5131296700674854
1.4979983733668105
1.4830183896331424
1.468188205736811
1.4535063236794428
1.4389712604426483
1.4245815478382218
1.4103357323598396
1.396232375036241
1.3822700512858788
1.36844735077302
1.3547628772652898
1.341215248492637
1.3278030960077105
1.3145250650476334
1.301379814397157
1.2883660162531856
1.2754823560906536
1.2627275325297471
1.2501002572044497
1.2375992546324053
1.2252232620860812
1.2129710294652205
1.2008413191705682
1.1888329059788625
1.1769445769190738
1.165175131149883
1.1535233798383842
1.1419881460400003
1.1305682645796002
1.1192625819338042
1.1080699561144662
1.0969892565533215
1.0860193639877882
1.0751591703479102
1.0644075786444311
1.0537635028579868
1.0432258678294068
1.0327936091511127
1.0224656730596016
1.0122410163290056
1.0021186061657157
0.9920974201040585
0.982176445903018
0.9723546814439878
0.962631134629548
0.9530048232832525
0.94347477505042
0.9340400272999158
0.9246996270269165
0.9154526307566474
0.9062981044490809
0.8972351234045901
0.8882627721705442
0.8793801444488387
0.8705863430043503
0.8618804795743068
0.8532616747785637
0.8447290580307781
0.8362817674504703
0.8279189497759656
0.819639760278206
0.8114433626754239
0.8033289290486697
0.795295639758183
0.7873426833606011
0.7794692565269951
0.7716745639617251
0.7639578183221079
0.7563182401388867
0.7487550577374978
0.7412675071601229
0.7338548320885216
0.7265162837676364
0.71925112092996
0.7120586097206604
0.7049380236234538
0.6978886433872192
0.690909756953347
0.6840006593838135
0.6771606527899754
0.6703890462620756
0.6636851557994549
0.6570483042414603
0.6504778211990457
0.6439730429870553
0.6375333125571847
0.6311579794316129
0.6248463996372967
0.6185979356409237
0.6124119562845145
0.6062878367216693
0.6002249583544526
0.594222708770908
0.5882804816831989
0.5823976768663669
0.5765737000977033
0.5708079630967262
0.5650998834657589
0.5594488846311013
0.5538543957847903
0.5483158518269424
0.542832693308673
0.5374043663755863
0.5320303227118305
0.5267100194847122
0.5214429192898651
0.5162284900969665
0.5110662051959968
0.5059555431440368
0.5008959877125965
0.4958870278354705
0.4909281575571158
0.4860188759815446
0.4811586872217291
0.47634710034951183
0.4715836293460167
0.46686779305255655
0.462199115122031
0.4575771239708107
0.4530013527311026
0.44847133920379156
0.44398662581175363
0.4395467595536361
0.4351512919580997
0.4307997790385187
0.4264917812481335
0.42222686343565213
0.4180045948012956
0.4138245488532826
0.4096863033647498
0.40558944033110234
0.40153354592779134
0.39751821046851343
0.3935430283638283
0.38960759808019
0.38571152209938814
0.3818544068783942
0.37803586280961027
0.37425550418151415
0.370512949139699
0.366807819648302
0.363139741451819
0.3595083440373008
0.3559132605969278
0.3523541279909585
0.3488305867110489
0.34534228084393837
0.34188885803549895
0.33846996945514396
0.3350852697605925
0.33173441706298656
0.3284170728923567
0.32513290216343316
0.3218815731417988
0.31866275741038086
0.31547612983627704
0.31232136853791426
0.3091981548525351
0.30610617330400974
0.30304511157096964
0.30001466045525993
0.2970145138507073
0.29404436871220024
0.29110392502507826
0.2881928857748275
0.2853109569170792
0.2824578473479084
0.2796332688744293
0.276836936185685
0.27406856682382813
0.27132788115558987
0.26861460234403395
0.2659284563205936
0.2632691717573876
0.26063648003981377
0.2580301152394156
0.25544981408702144
0.2528953159461512
0.2503663627866897
0.24786269915882284
0.2453840721672346
0.24293023144556225
0.24050092913110663
0.23809591983979556
0.2357149606413976
0.23335781103498363
0.23102423292463378
0.22871399059538744
0.22642685068943355
0.2241625821825392
0.22192095636071382
0.2197017467971067
0.21750472932913562
0.21532968203584427
0.21317638521548582
0.21104462136333096
0.20893417514969764
0.20684483339820067
0.20477638506421866
0.2027286212135765
0.20070133500144072
0.1986943216514263
0.19670737843491204
0.1947403046505629
0.1927929016040573
0.1908649725880167
0.18895632286213654
0.18706675963351518
0.18519609203718004
0.18334413111680825
0.18151068980564017
0.17969558290758378
0.17789862707850793
0.17611964080772285
0.17435844439964562
0.17261485995564915
0.17088871135609265
0.16917982424253172
0.1674880260001064
0.16581314574010533
0.16415501428270426
0.16251346413987722
0.16088832949847845
0.15927944620349366
0.1576866517414587
0.15610978522404412
0.15454868737180366
0.15300320049808563
0.15147316849310477
0.14995843680817372
0.148458852440092
0.14697426391569107
0.14550452127653415
0.1440494760637688
0.14260898130313113
0.14118289149009983
0.13977106257519883
0.13837335194944683
0.13698961842995236
0.13561972224565283
0.1342635250231963
0.13292088977296435
0.1315916808752347
0.13027576406648236
0.12897300642581755
0.12768327636155938
0.12640644359794379
0.12514237916196436
0.12389095537034471
0.12265204581664126
0.12142552535847484
0.12021127010489009
0.11900915740384119
0.11781906582980277
0.11664087517150475
0.1154744664197897
0.1143197217555918
0.11317652453803588
0.11204475929265552
0.11092431169972897
0.10981506858273167
0.10871691789690435
0.1076297487179353
0.10655345123075595
0.10548791671844839
0.1044330375512639
0.10338870717575126
0.10235482010399374
0.10133127190295381
0.10031795918392428
0.09931477959208504
0.09832163179616418
0.09733841547820254
0.09636503132342052
0.0954013810101863
0.09444736720008444
0.0935028935280836
0.09256786459280275
0.09164218594687472
0.09072576408740597
0.08981850644653191
0.0889203213820666
0.08803111816824594
0.08715080698656348
0.08627929891669785
0.08541650592753086
0.08456234086825555
0.083716717459573
0.08287955028497727
0.0820507547821275
0.08123024723430623
0.08041794476196316
0.07961376531434353
0.0788176276612001
0.0780294513845881
0.07724915687074221
0.07647666530203479
0.07571189864901444
0.0749547796625243
0.07420523186589906
0.07346317954724006
0.07272854775176767
0.07200126227425
0.07128124965150749
0.07056843715499242
0.06986275278344249
0.06916412525560807
0.06847248400305199
0.06778775916302147
0.06710988157139126
0.06643878275567736
0.06577439492812058
0.06511665097883937
0.06446548446905097
0.06382082962436046
0.06318262132811686
0.06255079511483569
0.06192528716368733
0.061306034292050456
0.06069297394912995
0.06008604420963865
0.05948518376754226
0.05889033192986684
0.058301428610568175
0.057718414324462494
0.05714123018121787
0.05656981787940569
0.05600411970061163
0.05544407850360551
0.05488963771856946
0.054340741341383766
0.053797333927969926
0.05325936058869023
0.052726766982803326
0.052199499312975295
0.05167750431984554
0.05116072927664708
0.050649121983880614
0.05014263076404181
0.04964120445640139
0.049144792411837376
0.048653344487719005
0.04816681104284182
0.047685142932413396
0.047208291503089264
0.046736208588058374
0.04626884650217779
0.04580615803715601
0.04534809645678445
0.04489461549221661
0.04444566933729444
0.0440012126439215
0.04356120051748228
0.04312558851230746
0.04269433262718438
0.04226738930091254
0.04184471540790342
0.04142626825382438
0.041012005571286134
0.04060188551557327
0.04019586666041754
0.03979390799381336
0.03939596891387523
0.03900200922473648
0.03861198913248911
0.038225869241164216
0.03784361054875257
0.03746517444326505
0.037090522698832395
0.036719617471844074
0.03635242129712563
0.03598889708415438
0.035629008113312835
0.035272718032179705
0.03491999085185791
0.03457079094333933
0.03422508303390594
0.03388283220356688
0.03354400388153121
0.0332085638427159
0.03287647820428874
0.03254771342224585
0.03222223628802339
0.031900013925143154
0.031581013785891725
0.031265203648032806
0.030952551611552477
0.030643026095436954
0.030336595834482585
0.030033229876137758
0.02973289757737638
0.029435568601602617
0.029141212915586592
0.028849800786430724
0.028561302778566416
0.028275689750780753
0.027992932853272947
0.027713003524740216
0.027435873489492814
0.027161514754597885
0.026889899607051907
0.02662100061098139
0.026354790604871576
0.02609124269882286
0.025830330271834633
0.02557202696911629
0.025316306699425126
0.025063143632430875
0.024812512196106567
0.024564387074145502
0.024318743203404047
0.024075555771370008
0.023834800213656308
0.023596452211519743
0.023360487689404547
0.0231268828125105
0.022895613984385395
0.02266665784454154
0.022439991266096124
0.022215591353435163
0.021993435439900812
0.021773501085501804
0.021555766074646786
0.021340208413900316
0.021126806329761313
0.0209155382664637
0.02070638288379906
0.02049931905496107
0.020294325864411458
0.020091382605767344
0.01989046877970967
0.019691564091912573
0.019494648450993447
0.019299701966483514
0.019106704946818678
0.01891563789735049
0.018726481518376987
0.018539216703193216
0.018353824536161283
0.01817028629079967
0.017988583427891672
0.017808697593612755
0.017630610617676627
0.01745430451149986
0.017279761466384862
0.017106963851721012
0.016935894213203802
0.016766535271071765
0.016598869918361046
0.016432881219177436
0.016268552406985663
0.016105866882915806
0.01594480821408665
0.015785360131945782
0.015627506530626323
0.01547123146532006
0.01531651915066686
0.015163353959160191
0.01501172041956859
0.014861603215372903
0.014712987183219174
0.014565857311386982
0.014420198738273111
0.01427599675089038
0.014133236783381476
0.013991904415547662
0.013851985371392185
0.013713465517678262
0.01357633086250148
0.013440567553876464
0.0133061618783377
0.013173100259554323
0.01304136925695878
0.012910955564389192
0.012781846008745299
0.012654027548657847
0.012527487273171267
0.012402212400439554
0.012278190276435159
0.012155408373670807
0.0120338542899341
0.011913515747034758
0.011794380589564411
0.011676436783668767
0.011559672415832079
0.011444075691673758
0.01132963493475702
0.01121633858540945
0.011104175199555354
0.0109931334475598
0.010883202113084202
0.01077437009195336
0.010666626391033827
0.010559960127123489
0.010454360525852253
0.010349816920593731
0.010246318751387793
0.010143855563873915
0.010042417008235176
0.009941992838152823
0.009842572909771296
0.009744147180673582
0.009646705708866846
0.009550238651778177
0.009454736265260395
0.00936018890260779
0.009266587013581714
0.009173921143445896
0.009082181932011437
0.008991360112691322
0.00890144651156441
0.008812432046448765
0.008724307725984277
0.008637064648724433
0.008550694002237189
0.008465187062214817
0.008380535191592669
0.008296729839676742
0.008213762541279975
0.008131624915867176
0.008050308666708503
0.007969805580041418
0.007890107524241003
0.007811206448998593
0.007733094384508607
0.007655763440663521
0.007579205806256885
0.007503413748194317
0.007428379610712374
0.00735409581460525
0.007280554856459198
0.007207749307894606
0.00713567181481566
0.007064315096667504
0.006993671945700828
0.00692373522624382
0.006854497873981381
0.006785952895241567
0.006718093366289151
0.00665091243262626
0.006584403308299997
0.006518559275216997
0.006453373682464827
0.0063888399456401785
0.006324951546183777
0.006261702030721939
0.0061990850104147194
0.006137094160310572
0.006075723218707466
0.006014965986520391
0.005954816326655187
0.0058952681633886355
0.005836315481754749
0.0057779523269372015
0.005720172803667829
0.005662971075631151
0.0056063413648748395
0.005550277951226091
0.00549477517171383
0.0054398274199966914
0.005385429145796724
0.005331574854338757
0.005278259105795369
0.005225476514737416
0.0051732217495900415
0.005121489532094141
0.0050702746367732
0.005019571890405468
0.004969376171501413
0.004919682409786399
0.004870485585688535
0.0048217807298316494
0.004773562922533333
0.004725827293308
0.004678569020374919
0.00463178333017117
0.004585465496869458
0.004539610841900764
0.004494214733481756
0.004449272586146938
0.004404779860285469
0.004360732061682614
0.004317124741065788
0.00427395349365513
0.004231213958718579
0.004188901819131393
0.004147012800940079
0.004105542672930678
0.004064487246201371
0.004023842373739358
0.003983603950001964
0.003943767910501945
0.003904330231396925
0.003865286929082956
0.0038266340597921263
0.003788367719194205
0.003750484042002263
0.0037129792015822404
0.003675849409566418
0.0036390909154707537
0.003602700006316046
0.0035666730062528856
0.0035310062761903568
0.0034956962134284533
0.0034607392512941686
0.003426131858781227
0.0033918705401934147
0.0033579518347914804
0.0033243723164435657
0.00329112859327913
0.003258217307346339
0.0032256351342728755
0.0031933787829301467
0.0031614449951008453
0.003129830545149837
0.0030985322396983386
0.003067546917301355
0.0030368714481283413
0.003006502733647058
0.0029764377063105875
0.0029466733292474816
0.0029172065959550066
0.0028880345299954566
0.002859154184695502
0.002830562642848547
0.0028022570164200613
0.002774234446255861
0.002746492101793302
0.0027190271807753692
0.0026918369089676156
0.0026649185398779393
0.00263826935447916
0.0026118866609343683
0.0025857677943250247
0.0025599101163817743
0.0025343110152179567
0.002508967905065777
0.002483878226015119
0.0024590394437549678
0.002434449049317418
0.002410104558824244
0.0023860035132360017
0.0023621434781036415
0.002338522043322605
0.002315136822889379
0.002291985454660485
0.00226906560011388
0.002246374944112741
0.0022239111946716133
0.0022016720827248972
0.002179655361897648
0.0021578588082786718
0.002136280220195885
0.002114917417993926
0.0020937682438139866
0.0020728305613758467
0.0020521022557620883
0.002031581233204467
0.0020112654208724223
0.001991152766663698
0.001971241238997061
0.0019515288266070906
0.0019320135383410198
0.0019126934029576096
0.0018935664689280335
0.0018746308042387532
0.0018558844961963656
0.001837325651234402
0.001818952394722058
0.0018007628707748375
0.001782755242067089
0.0017649276896464182
0.0017472784127499541
0.0017298056286224545
0.0017125075723362299
0.0016953824966128676
0.001678428671646739
0.0016616443849302716
0.0016450279410809689
0.0016285776616701592
0.0016122918850534577
0.001596168966202923
0.0015802072765408938
0.0015644052037754848
0.0015487611517377299
0.0015332735402203525
0.001517940804818149
0.0015027613967699674
0.0014877337828022676
0.001472856444974245
0.0014581278805245025
0.0014435466017192575
0.0014291111357020649
0.0014148200243450442
0.0014006718241015939
0.001386665105860578
0.001372798454801972
0.0013590704702539523
0.0013454797655514127
0.0013320249678958986
0.0013187047182169397
0.0013055176710347702
0.0012924624943244226
0.0012795378693811785
0.0012667424906873666
0.001254075065780493
0.001241534315122688
0.0012291189719714612
0.0012168277822517466
0.0012046595044292291
0.001192612909384937
0.0011806867802910876
0.0011688799124881767
0.0011571911133632948
0.001145619202229662
0.0011341630102073652
0.0011228213801052916
0.0011115931663042387
0.0011004772346411963
0.0010894724622947845
0.0010785777376718366
0.0010677919602951182
0.001057114040692167
0.0010465429002852451
0.0010360774712823927
0.0010257166965695688
0.0010154595296038731
0.0010053049343078345
9.952518849647562E-4
9.852993661151085E-4
9.754463724539575E-4
9.656919087294179E-4
9.560349896421237E-4
9.464746397457025E-4
9.370098933482455E-4
9.27639794414763E-4
9.183633964706154E-4
9.091797625059092E-4
9.000879648808501E-4
8.910870852320415E-4
8.821762143797211E-4
8.73354452235924E-4
8.646209077135648E-4
8.559746986364291E-4
8.474149516500649E-4
8.389408021335641E-4
8.305513941122285E-4
8.222458801711062E-4
8.140234213693952E-4
8.058831871557013E-4
7.978243552841443E-4
7.898461117313028E-4
7.819476506139897E-4
7.741281741078498E-4
7.663868923667713E-4
7.587230234431036E-4
7.511357932086726E-4
7.436244352765858E-4
7.3618819092382E-4
7.288263090145817E-4
7.215380459244359E-4
7.143226654651915E-4
7.071794388105396E-4
7.001076444224342E-4
6.931065679782098E-4
6.861755022984277E-4
6.793137472754434E-4
6.725206098026889E-4
6.657954037046621E-4
6.591374496676155E-4
6.525460751709393E-4
6.460206144192299E-4
6.395604082750375E-4
6.331648041922872E-4
6.268331561503643E-4
6.205648245888606E-4
6.14359176342972E-4
6.082155845795423E-4
6.021334287337469E-4
5.961120944464094E-4
5.901509735019453E-4
5.842494637669258E-4
5.784069691292565E-4
5.72622899437964E-4
5.668966704435843E-4
5.612277037391485E-4
5.55615426701757E-4
5.500592724347395E-4
5.44558679710392E-4
5.391130929132881E-4
5.337219619841552E-4
5.283847423643137E-4
5.231008949406706E-4
5.178698859912639E-4
5.126911871313512E-4
5.075642752600377E-4
5.024886325074373E-4
4.974637461823629E-4
4.924891087205393E-4
4.8756421763333394E-4
4.826885754570006E-4
4.7786168970243064E-4
4.730830728054063E-4
4.6835224207735225E-4
4.636687196565787E-4
4.5903203246001293E-4
4.544417121354128E-4
4.4989729501405864E-4
4.45398322063918E-4
4.409443388432788E-4
4.3653489545484605E-4
4.321695465002976E-4
4.278478510352946E-4
4.2356937252494166E-4
4.1933367879969227E-4
4.151403420116953E-4
4.1098893859157836E-4
4.0687904920566257E-4
4.0281025871360596E-4
3.987821561264699E-4
3.947943345652052E-4
3.9084639121955315E-4
3.869379273073576E-4
3.83068548034284E-4
3.7923786255394113E-4
3.754454839284017E-4
3.716910290891177E-4
3.679741187982265E-4
3.642943776102442E-4
3.6065143383414176E-4
3.5704491949580035E-4
3.534744703008423E-4
3.499397255978339E-4
3.4644032834185555E-4
3.42975925058437E-4
3.395461658078526E-4
3.361507041497741E-4
3.3278919710827637E-4
3.294613051371936E-4
3.2616669208582167E-4
3.2290502516496344E-4
3.196759749133138E-4
3.164792151641807E-4
3.1331442301253887E-4
3.1018127878241347E-4
3.0707946599458936E-4
3.0400867133464346E-4
3.00968584621297E-4
2.97958898775084E-4
2.9497930978733317E-4
2.9202951668945985E-4
2.891092215225652E-4
2.8621812930733955E-4
2.8335594801426616E-4
2.805223885341235E-4
2.7771716464878226E-4
2.7493999300229446E-4
2.7219059307227153E-4
2.694686871415488E-4
2.667740002701333E-4
2.6410626026743196E-4
2.6146519766475767E-4
2.5885054568811007E-4
2.56262040231229E-4
2.536994198289167E-4
2.5116242563062756E-4
2.486508013743213E-4
2.4616429336057807E-4
2.4370265042697228E-4
2.4126562392270257E-4
2.3885296768347554E-4
2.3646443800664078E-4
2.3409979362657438E-4
2.3175879569030863E-4
2.2944120773340555E-4
2.271467956560715E-4
2.248753276995108E-4
2.2262657442251568E-4
2.2040030867829052E-4
2.1819630559150762E-4
2.1601434253559255E-4
2.1385419911023663E-4
2.1171565711913427E-4
2.0959850054794293E-4
2.075025155424635E-4
2.0542749038703886E-4
2.0337321548316846E-4
2.0133948332833678E-4
1.993260884950534E-4
1.9733282761010286E-4
1.9535949933400184E-4
1.9340590434066183E-4
1.914718452972552E-4
1.8955712684428264E-4
1.876615555758398E-4
1.857849400200814E-4
1.839270906198806E-4
1.8208781971368177E-4
1.8026694151654496E-4
1.7846427210137952E-4
1.7667962938036573E-4
1.7491283308656208E-4
1.7316370475569645E-4
1.7143206770813948E-4
1.6971774703105808E-4
1.680205695607475E-4
1.6634036386514001E-4
1.6467696022648862E-4
1.6303019062422372E-4
1.6139988871798148E-4
1.5978588983080167E-4
1.5818803093249365E-4
1.5660615062316872E-4
1.5504008911693703E-4
1.5348968822576767E-4
1.5195479134351E-4
1.504352434300749E-4
1.4893089099577415E-4
1.474415820858164E-4
1.4596716626495823E-4
1.4450749460230864E-4
1.4306241965628556E-4
1.416317954597227E-4
1.4021547750512546E-4
1.388133227300742E-4
1.3742518950277344E-4
1.360509376077457E-4
1.3469042823166825E-4
1.3334352394935156E-4
1.3201008870985804E-4
1.3068998782275946E-4
1.2938308794453187E-4
1.2808925706508654E-4
1.2680836449443567E-4
1.255402808494913E-4
1.242848780409964E-4
1.2304202926058643E-4
1.2181160896798056E-4
1.2059349287830076E-4
1.1938755794951775E-4
1.1819368237002257E-4
1.1701174554632235E-4
1.1584162809085913E-4
1.1468321180995053E-4
1.1353637969185103E-4
1.1240101589493252E-4
1.1127700573598319E-4
1.1016423567862336E-4
1.0906259332183712E-4
1.0797196738861874E-4
1.0689224771473255E-4
1.0582332523758522E-4
1.0476509198520936E-4
1.0371744106535726E-4
1.0268026665470369E-4
1.0165346398815665E-4
1.0063692934827508E-4
9.963056005479233E-5

Acceptance
1.0
0.9935562044069439
0.9990821478386752
0.9811143241630133
0.9895407764996117
0.9752840179280906
0.9958661545455736
0.9911345766610478
0.9724272016286906
0.9965031838899776
0.971338142853801
0.9856953354834722
0.9621511779730908
0.976909498099719
0.9900355407433401
0.9746313999072578
0.9812689013984618
0.8940544794738069
0.998563070268066
0.9836732200790519
0.9509914417819283
1.0
0.988588997096829
0.9302263575405458
0.9039945784852869
0.998458418762949
0.9723393827159212
0.9934627315640882
0.9707562138475753
0.9665764867250759
0.9821804270947756
0.9472307939477373
0.9328422908011299
0.9407990716297226
0.9876916588684203
0.9518684161202995
0.8717306231400174
1.0
0.961355734972734
0.9845813312809772
1.0
0.9565789402264541
0.9945243889386024
0.9938565946343166
1.0
0.9901460987112163
0.9457945724948581
0.9622405438393641
1.0
0.9580337257151864
0.9747058188298908
0.9690995398879062
0.9687923356002515
0.9925327481024594
1.0
0.9800404091988495
0.9910863316220668
0.9642992291546263
0.9886013957605421
0.9333860571729075
0.8883136076985503
1.0
1.0
0.9869015219831638
0.9577303376865683
0.9457918800143895
0.9096166250560066
0.9968675737304425
0.9749664066246488
0.9950108570924561
0.9379475164171448
0.9547202561036822
0.9777760462828067
1.0
0.9773299634791899
0.9989380606587817
0.9083169096582231
0.9237124876803333
1.0
0.9820236954518512
1.0
0.9664921646224246
0.9650587523544105
0.8572160027668891
0.981562632349733
0.9836867755709381
0.9905512715728276
0.9774822239407832
0.9575793525287484
0.9787046606270047
0.9454573497916329
0.9425665434061448
0.9486763364922812
0.8885600611451446
0.9527946179639586
0.8987215101201946
0.9192091939391713
0.9679203018863295
0.9430460668313302
0.9727893397282071
1.0
0.9512782532458167
0.9489450075381314
0.9521888507561381
0.9855999473215887
0.9977044032865794
0.9773364457030257
0.9339847326459167
0.8713827146373601
0.9549886541875584
0.8718425694064713
0.8475684353693654
1.0
0.8216422872966466
0.9238107831994222
0.8865742569878319
1.0
0.9855212327187962
0.9314240526039735
0.8411820292418457
0.9353779166211615
0.9661709314227227
0.9959186884447
0.734082068381745
0.9435838292737075
0.9357715932194528
0.9488465329873148
0.8846509168459675
0.8864396267486927
0.8626720534511322
1.0
0.9933072495581338
0.82826772589255
0.9256391981098883
0.8677284642431643
1.0
0.8991439531197533
0.9064022823943202
0.953103949153653
0.9031337785269907
0.8685815589189304
0.9106101276149855
0.9227294694698237
0.9648568488544799
0.994911311353316
0.9579655755628269
0.9451700981955526
0.9136939196535969
0.8652615350489287
0.8411306229563987
0.9829868943474591
0.8264126833208032
0.8805904500760232
0.8114283136514145
0.9590252110811849
0.9321365873317524
1.0
0.9610515480408113
0.856303017760155
0.9536540832475808
0.8468178215810783
0.9854802379680988
0.9778337233355151
0.9077889586712427
0.9523141790071151
0.7225272566165487
0.7493814391510121
1.0
0.9265411525574538
0.7153006839826447
0.7320284462627124
0.9687123969685855
0.8041250377679304
0.6959675645690913
0.9806483227554541
0.9787486459840898
0.9929877106246245
0.975428662181341
0.8042948055585629
0.887218041897779
0.7819067618541402
0.695447776338626
0.9621184679984176
1.0
0.8873849705784521
0.9006532823444489
1.0
0.8743557190041543
0.7664730035296252
1.0
0.9959581042429002
0.9837691776244516
0.7863421718389796
0.6868321053434528
0.9593881715044495
0.7996448839487942
0.7485206675637154
0.9735599224272957
0.8011931320819868
1.0
0.7946244901440999
0.6828472665365203
0.9524303172799677
0.8848763438850621
0.7098820606357331
0.9472857811482955
0.8189114794779917
0.7758096098419787
0.7079455304742683
0.6640897372608264
0.9284149178098416
0.7984520099639869
0.7485136962536012
1.0
0.9604244175044255
0.9600327607275165
0.8145473268809345
0.9712030050141914
0.6247211827070626
0.7322144634713501
0.45538182312695175
0.6727640704459651
0.9509647370273636
0.646368974582617
0.816036143192422
0.8852663951187648
0.6521704660635308
1.0
0.532611490601107
0.5830811644837316
0.8877493324708615
0.7092985114449606
1.0
1.0
0.9843671281806179
0.7960269048665233
0.7344271920071956
0.8158502030683973
0.9837311065205487
0.650721827711264
0.5001440838432284
0.7252849259104887
0.853650657369366
0.9142148704316457
0.814173060684181
1.0
0.9313651247832928
0.9086795121578354
0.6285720771682796
0.7737694028328165
0.984090124029732
0.8961386379498139
0.8321239309570874
0.7705543116672751
0.42678311930580937
0.4969725507874631
0.8829523243556496
0.9559953627870464
0.7966945509540052
0.8412553621906762
0.6871997580808807
0.6114596282389787
0.6326078861301282
0.7496098116615755
0.6805608973358861
0.8788887638115309
0.8259221801689833
0.8869117001246629
0.7952177670614906
0.7746485577577614
0.9442949790858467
0.714116721242384
0.3751921713123475
0.5428511534115094
0.49799186340554746
0.6096606095758048
1.0
0.8102802083412761
1.0
0.8835259728077727
0.6701367906442808
0.8350548962929353
1.0
0.6827773821913998
0.9377797768805975
0.8660539153352211
1.0
0.7285363483818871
0.5867274472264482
0.7674161155472422
1.0
0.49638664564519314
0.6165803669303556
0.5025737638601879
0.4534130431863754
1.0
0.7721650024761056
0.2880824800839384
1.0
0.6061405427435951
0.8323349722455479
0.8038605780253182
1.0
0.5008723128003093
0.6202572661576002
1.0
0.8973646138462481
0.8963835513052804
0.5256801636399857
0.28650241916932945
1.0
1.0
0.7313479992515806
0.6799487970857988
0.5122460764071138
0.4487160223620666
0.27570333495497285
0.6873226633285795
0.5604003355827221
0.8067594543991647
0.6432147054695622
1.0
0.5936530385006402
0.4882814479088
0.6219160507574536
0.7653666162520467
0.966161108077353
0.4260232731877998
0.7862646432198082
0.7674180109323262
0.597202826541416
0.9484692497140996
0.2941981065047507
0.3209649154962663
0.3890101694176174
0.5682152270602788
0.5851843395177392
0.9970467695052004
0.4056691558919224
0.46886967072399105
0.4667165724683311
0.9230683790173004
0.6470038290048848
0.918678753043028
0.32520437357006854
0.5634174754287632
0.8049952202116885
0.2265667238880387
0.310559528539285
0.9607506307651406
0.9475017877468306
1.0
0.791487756926881
0.765317081763676
1.0
0.9583624855764277
0.9409565865637926
0.31211890630739736
0.9397945932639697
0.7499269883176567
0.3330740464695243
0.608414041606655
0.605367947836117
0.4728577851734004
0.7360259050810266
1.0
0.7086595254221218
0.6922206261432696
1.0
1.0
1.0
0.6875538467137863
0.3466230019233532
1.0
0.21902052893467294
0.991371177709183
1.0
0.291274083331096
0.6810930807012259
0.5014935174748573
0.4801832337979804
0.27060335771873084
0.8112304338416756
0.07699837061090638
0.4022331367076471
0.44926559131364135
0.26042885032976615
0.13741501775425344
0.17071202989891954
0.2141173262805468
0.7773152778559099
0.5457468747336452
0.7460166278607443
0.63652015428164
0.10706625619457694
0.21289274768401975
0.3147771062815546
1.0
0.7610928318976173
0.2370570999590397
1.0
0.29993008856865777
0.8336955111817099
0.3153670319963615
0.30990971560046104
0.3759576261858875
0.015336914410641634
0.9033842813562081
0.632021083384094
1.0
0.13017042602141954
0.25758341778943605
0.5935413201061128
0.175614681299071
0.06941775252719694
0.3434358063930563
0.5622772042074056
0.33165077025228407
0.1165383303283842
0.07307376774110313
0.07722905210560772
0.5688417333478147
0.03583726632371652
0.024055049503412723
0.30601681861448304
0.3045518753597215
0.273905734282457
0.6690373753236523
0.03352619710613886
0.27123034552537956
0.44671146958954483
0.14048057664833957
0.24319688798648398
0.32703280159259546
1.0
0.12557230094080923
0.10647763099510292
0.009293754689871111
0.051677885514329974
0.003168599622435079
1.0
0.27149821569998794
0.09665970901126399
1.0
1.0
0.1603908566162793
0.018515550255154268
0.017007327426036764
0.0031298070698767395
1.0
1.0
0.07747803370190681
1.0
0.2830468682429537
0.05802167635414145
0.2758854891277376
0.27232007301448347
1.0
0.26788182367840735
0.06917549140680794
0.11202692375422778
0.0010279328120589674
1.0
0.08316980320663588
1.0
0.8794362942095648
0.08967225005023018
1.0
0.10765245949252461
0.17971482521338578
0.19545993982616855
0.9027182253622479
0.36392298700596987
0.025866693611625396
1.0
1.0
0.4542045245618042
0.9078938467596588
0.0013269640275680023
0.047062333264987176
0.9396563974803878
0.06614069038329944
1.0
1.0651233063778373E-4
0.04636349538769775
0.005535230927050332
0.011765610918390536
0.0024541468395794432
0.003908674076925458
0.32713341138405816
1.0
0.002753120295989606
0.2633793636339671
0.001486678715874623
1.0
0.8652500812376821
0.005103785855939099
0.004113312913456551
1.0
3.8388207157813637E-4
0.605169812413674
9.27612243964703E-5
1.0
0.010253329252482199
0.04074319086819409
0.4638524418797666
0.8236685556229362
2.0868438220728456E-4
1.0
0.296351013123812
0.08714668466135585
0.33691775545865826
1.0
0.10310137154654336
0.006785803047285891
0.018007103283491983
1.0
6.79375954308763E-4
0.07104362114982034
1.0
6.545667396608032E-4
0.0018774558926926681
1.0
0.0019641313147182645
1.0
0.3408947469950289
3.543015730004354E-4
0.5833114217201717
0.06981568274075843
1.0
4.2778048810656434E-4
0.02009599236723447
1.0
0.06086607302075573
1.0
0.0026063182910138322
0.16661864699216564
0.49341747570157674
2.906549400246877E-7
0.01057051671316232
7.720408961270735E-4
0.036545621386319116
1.0
1.0
0.3444598440595163
0.010615876867479687
0.10315794188472131
0.3334036444368874
1.0859024622089322E-6
1.0
0.7210628007950632
0.005607349445687007
1.0
0.0019339457829141537
0.9244429169872351
1.0
1.0
1.0
6.713108498864577E-4
5.142287697940172E-4
0.001409499229775308
1.0
1.0
0.002647571014247216
0.0904088939895805
6.618807195647056E-5
0.4777737595841959
2.8103730878773457E-4
6.377324846297675E-9
6.163040908393298E-6
5.316399869671041E-5
3.7405751516765546E-4
0.7080840205883817
0.26412811469295944
1.6464631892515174E-5
9.366832294485204E-6
1.7388316636932332E-4
1.386069614796827E-5
0.06501093666706277
6.31355549389561E-7
0.7618026207750455
1.276944601371657E-4
0.05811586472677046
0.030048342960153
0.20328261545945756
0.020283196082286833
0.0027726752330033302
1.888614991177872E-4
3.1672003221744235E-9
0.06853435153511374
0.3360420859111468
1.0
2.3344704232108616E-7
1.724976506805708E-5
0.6251525429724575
3.0168688717582473E-4
0.001268113252679806
0.012813563442663118
1.0
6.30895258579294E-4
1.0
1.1976558976353153E-4
1.0
5.792135883074204E-15
1.4004762676733117E-4
0.02328013730437995
7.520143096204261E-5
2.8480166783936465E-4
0.023752430903919024
0.010550044857195615
2.054261066281686E-8
4.2835877098518004E-4
0.023452905618315822
7.800814114869978E-9
0.02173226770881922
0.345211086799566
9.300512327043603E-11
0.553261610763731
6.806589269177249E-7
1.8300968348938723E-8
2.394281553796293E-4
0.048331301687738054
1.0511111287649606E-5
1.0
0.5298997737583746
1.0
0.011941456190630823
0.020806305396749627
1.0
0.4588208782147188
5.009107454949986E-9
9.089296264152711E-7
0.5967971297541984
1.0
1.0
2.8294085812296697E-9
3.8885124150638035E-19
0.018678464561595668
0.017942376784326607
2.2172955561799597E-7
1.026012635414799E-9
1.0
0.41154507685031344
5.19695562425845E-5
1.0
0.4564403209152163
1.2527916936578644E-13
0.5487203769402409
0.22720738326054254
0.00352721314391532
1.1907441886724867E-11
6.598709876502273E-7
8.208483236950482E-6
1.20025422834088E-9
1.450864922215171E-12
2.6020870222415848E-20
1.9214552940020552E-22
1.0
1.475378231570187E-21
6.396990058912227E-11
1.0
0.3980717634178569
1.0
0.06974992470435278
1.3789359562553398E-10
0.005123114384367202
0.16935551516946296
1.0
0.004359358057588285
2.6062853982353726E-14
2.529236484204783E-15
1.0
6.053549404245486E-7
5.954122546029028E-18
5.068221375613747E-11
3.060163523358427E-11
6.509478207949008E-15
3.721792559545766E-14
2.551880238562096E-15
4.983756375853053E-14
4.756050276839824E-24
1.0
5.086212174986711E-4
0.0011153189616678369
6.940762166432997E-5
3.172423034791421E-12
0.4114054876217634
4.199907838296027E-4
1.0
2.464792725257095E-17
6.36855895674043E-17
1.0
1.0
3.5506515158875147E-12
1.0007732098564837E-17
3.1831192357238896E-15
1.1203941995875145E-30
9.18899444033909E-8
1.0
3.907930158053076E-15
0.255852459411088
4.763961324520016E-9
1.4827473577195158E-12
3.2312205580058093E-15
1.0
1.0
1.5105580203666047E-5
1.0
1.6296986923852955E-17
2.727040417998146E-4
6.84810836116475E-10
6.282056192594923E-10
1.0
1.1227817166509512E-24
1.4744073112867111E-18
1.0
2.835842979906651E-7
1.0
1.0
5.758036977395426E-5
4.314075897809548E-13
6.686663341037208E-11
4.74202853266317E-16
3.3434547303882104E-5
6.757711768389604E-24
2.5576194791099E-11
1.387016224164973E-25
2.0064755583184002E-28
0.03646804268891157
2.912605039370669E-14
2.0587795365506041E-47
2.561015138714612E-6
2.990713834573807E-23
5.760469032783861E-22
1.0
1.0
2.571238166192913E-24
7.017562712357179E-7
2.258423610072886E-31
1.1072555969141336E-31
1.303299799870221E-26
1.7183997403288214E-31
1.0
1.0
0.20373108036236656
4.9071188056510957E-20
1.0
1.0
1.5832141887385935E-40
5.938759542185322E-17
1.4293766960959669E-30
1.0
3.5152051559571297E-29
6.021671868376265E-27
3.9451468057754515E-9
0.16915647595762331
5.71366469603394E-38
3.3654974335791084E-14
0.08700720851359706
1.0
2.1668169713332556E-30
0.08074113677617484
6.110387914026473E-42
5.3547849325341334E-30
5.728375504011069E-20
1.0
1.7834195152254268E-58
8.959602622484434E-44
0.13200120965858428
1.0
1.0
5.815161926202316E-63
1.4029067931973995E-21
4.886021958825841E-31
2.5344283511108753E-14
8.488807730650203E-48
1.0
0.052051182472549425
0.05052022226389823
1.7958587894480473E-45
9.285064638567038E-39
0.09950240892796881
1.7568476570295293E-35
1.0
6.839537349104483E-20
2.5049657247965756E-39
9.418954661753736E-45
1.0
1.2642094936114204E-5
0.08202171303214405
4.113389276291557E-10
7.675645859504018E-59
8.147021601206995E-8
1.0
6.245566823679594E-48
0.22862468017150664
0.2252421203638016
2.5794076764691133E-59
1.0797374794380788E-25
1.0
1.437522259263164E-91
1.0
1.0
1.0
1.0
1.9589942381729382E-19
6.333389507620321E-95
8.961295401403717E-64
1.0
5.265434958186518E-68
6.018052642997949E-13
1.7692187748731148E-57
1.0
5.650393351593103E-37
1.0
1.0
4.006858654881654E-12
1.6848731186840348E-100
1.0
2.9077592798141614E-99
4.0467110964835957E-10
1.0
1.3336368560700838E-24
4.905685939858016E-62
7.49119293887004E-17
1.9131792749464117E-6
6.176572807767395E-54
1.4643744583413085E-6
1.6293008399349853E-32
2.0288726379582548E-62
1.0
0.0061857299074779045
1.5413889445948388E-66
3.47983281375863E-55
5.868683721999904E-48
1.0
1.1739686242147452E-80
1.6510250416626484E-27
5.162603904223272E-103
3.021380032973738E-104
1.0
3.730081734925261E-37
1.9413347717648398E-130
0.0032232622580562085
1.007901476417007E-43
1.0
1.0
5.096049366821105E-18
1.0
1.0188425599266688E-45
3.8331993602454566E-34
1.0
5.909104957807384E-11
1.0
3.592588122825273E-75
1.0
1.4751247930070547E-12
3.295192675891765E-126
1.9448910414295423E-107
0.0011846824494940367
8.22543583908856E-12
1.0
2.5577453165573913E-65
1.0662539925972343E-31
1.0
1.2888848146763122E-40
2.7620548863396664E-13
1.0
1.0
1.0
1.0
1.7529016977298264E-14
3.0566460079717146E-33
5.44515459240151E-26
1.0
1.0
7.830022496719054E-44
1.0
3.446033935989973E-113
1.4644319112364948E-27
5.1240697170430155E-204
7.337871070817684E-90
1.0148087493416682E-63
9.733177175414818E-82
7.859808986123728E-52
4.964734536506694E-52
1.0
1.8451953732298378E-188
2.0541419206558254E-15
1.0
1.0592295182664486E-26
1.0
2.099407488755748E-124
6.852805380102616E-134
6.901322365366119E-57
1.0
1.1626619772521211E-51
2.7751955603203753E-143
8.18137205199238E-133
3.9421306744513156E-17
6.857454167782271E-87
2.5586626695334467E-202
3.340430160398329E-55
2.2270920708733082E-66
1.0
2.257475169401871E-5
1.2424179177356517E-189
1.0
1.0
1.4595299065603592E-188
4.765762155532964E-19
3.1796824236444584E-172
1.6944428653527816E-21
1.6345296848698127E-124
2.258688372191295E-122
1.1189801850699846E-48
3.175640042352306E-183
1.0
9.859012729669356E-245
6.7081492135492265E-102
1.0
5.800877321654079E-124
1.0
1.2843055720308388E-111
3.230579935548971E-53
1.0
1.8653553179987494E-61
2.6188871841540264E-254
1.7179590947047259E-50
1.0
1.4260176551849382E-35
1.0
1.471861435524657E-150
1.9022250112051666E-68
8.070779221888124E-32
6.863753160282907E-250
4.0472428541710237E-247
1.0
8.072512585917454E-255
1.3004605738719311E-211
1.0
1.0
1.0
1.0
9.462826733828032E-217
2.4372775442254008E-71
2.430316541136E-312
1.0
8.324916994012536E-261
4.838721359788282E-123
1.971194247311705E-290
0.0
1.0
3.992049622829108E-42
2.448168945970809E-110
1.0
1.836664883938715E-94
7.99838423234116E-44
1.3333568761483523E-291
1.0
9.755305347934765E-180
1.0
0.0
0.0
1.0
1.0
1.0
3.3641226846011784E-98
1.0
1.0
1.0
0.0
0.0
1.0
5.0594877178331635E-120
2.69237958889664E-225
0.0
1.4585549369015776E-80
8.773412584000971E-234
1.0
4.538586568437502E-78
0.0
1.0
1.723650450802877E-247
3.6568041120195015E-195
1.0
0.0
1.5503618311434817E-220
0.0
6.262133956013111E-135
0.0
1.0
0.0
0.0
0.0
1.0
1.88221278223517E-123
0.0
0.0
0.0
2.0863203295477015E-283
1.0
0.0
0.0
1.15417018863499E-309
0.0
0.0
0.0
8.725220582805166E-50
2.7875887440103175E-50
1.0
6.037E-321
2.5324129830720005E-283
1.0
2.854482246328967E-283
0.0
0.0
0.0
5.327545509208627E-61
4.560244474816101E-176
4.492192651235386E-56
7.185984682685495E-181
1.0
1.0
1.0
0.0
0.0
0.0
1.0
0.0
0.0
0.0
0.0
1.0
1.0250490926998105E-17
0.0
1.0
1.0
0.0
1.0
0.0
1.0
1.0
1.0
1.6387610388904069E-19
0.0
2.5112405098520125E-232
1.0
1.0
1.0
1.0
3.1032160270227785E-197
3.68914277785667E-82
0.0
0.0
2.980484015788438E-254
1.0
0.0
0.0
1.5283295857377743E-164
0.0
7.2052596985152885E-90
0.0
2.9136362763304088E-171
8.6166206615596E-311
0.0
0.0
1.7159432002397545E-89
0.0
2.1600528212376483E-266
1.0591999754520974E-307
1.0
1.0
1.0
0.0
4.0319093525433015E-193
0.0
0.0
3.648980058959464E-27
1.7633961537585437E-294
1.0
0.0
0.0
1.463287970063057E-116
4.072910107615841E-251
0.0
0.0
1.0
6.2737370515987385E-298
0.0
5.279429393936908E-125
1.0
1.0
0.0
0.0
1.0
0.0
0.0
2.0490965196901284E-302
3.6434324384896713E-123
0.0
4.861872701158335E-34
0.0
0.0
0.0
0.0
0.0
0.0
0.0
1.0
0.0
7.371873240914119E-139
2.386935557542207E-112
1.0
0.0
0.0
0.0
1.0
0.0
1.0
0.0
0.0
0.0
1.0
0.0
0.0
1.0
0.0
2.002387489444084E-44
1.0
0.0
0.0
1.0
0.0
5.703125121331319E-140
0.0
0.0
0.0
0.0
0.0
0.0
0.0
0.0
0.0
0.0
0.0
1.0
0.0
1.0
0.0
1.0
5.619147745062977E-221
0.0
0.0
1.0
0.0
0.0
0.0
1.0
0.0
0.0
0.0
0.0
0.0
1.0
0.0
3.6370302482023E-310
0.0
0.0
0.0
0.0
0.0
0.0
0.0
0.0
0.0
3.424262285346731E-266
0.0
0.0
1.0
1.0
0.0
0.0
0.0
1.0
0.0
1.0
0.0
0.0
0.0
1.0
0.0
1.0
1.0
1.0
0.0
0.0
0.0
0.0
0.0
0.0
0.0
1.0
1.0
0.0
0.0
0.0
0.0
0.0
0.0
0.0
0.0
0.0
0.0
0.0
0.0
0.0
1.0
0.0
0.0
0.0
0.0
0.0
2.930098171272121E-114
0.0
0.0
0.0
0.0
0.0
0.0
0.0
0.0
0.0
0.0
0.0
0.0
0.0
0.0
0.0
0.0
0.0
0.0
1.0
0.0
0.0
0.0
0.0
0.0
0.0
0.0
1.1840982527017634E-149
0.0
0.0
0.0
0.0
1.0
1.0
1.0
0.0
1.0
0.0
0.0
0.0
1.0
0.0
0.0
1.0
1.0
1.0
0.0
0.0
0.0
0.0
1.0
0.0
0.0
0.0
1.0
0.0
0.0
1.0
0.0
0.0
0.0
0.0
1.0
0.0
0.0
0.0
0.0
0.0
0.0
0.0
0.0
0.0
0.0
0.0
0.0
0.0
1.0
0.0
1.0
1.0
2.0317434711206144E-254
0.0
1.0
0.0
0.0
0.0
0.0
0.0
0.0
1.0
1.0
0.0
0.0
0.0
0.0
0.0
0.0
0.0
0.0
1.0
1.0
0.0
0.0
1.0
0.0
0.0
0.0
0.0
0.0
0.0
0.0
0.0
1.0
0.0
1.0
1.0
0.0
1.0
0.0
0.0
0.0
1.0
1.0
1.0
0.0
1.0
0.0
0.0
0.0
0.0
0.0
0.0
0.0
0.0
0.0
1.0
0.0
0.0
0.0
0.0
1.0
0.0
1.0
1.0
0.0
0.0
0.0
0.0
0.0
1.0
0.0
0.0

Values
4.51
5.1499999999999995
5.24
3.3899999999999997
2.38
4.76
4.369999999999999
5.199999999999999
7.78
7.459999999999999
4.829999999999999
6.119999999999999
9.54
11.59
12.460000000000003
14.670000000000005
13.060000000000002
3.62
3.5
2.14
6.25
6.25
5.329999999999999
11.07
3.1400000000000006
3.2600000000000007
5.42
4.92
2.6800000000000006
5.22
6.550000000000001
10.520000000000001
15.560000000000002
11.180000000000001
12.06
15.53
5.97
5.97
5.97
4.92
4.92
7.859999999999999
8.22
7.820000000000001
7.820000000000001
7.1899999999999995
3.6800000000000006
6.08
6.08
3.460000000000001
5.010000000000001
6.89
5.010000000000001
5.45
5.45
6.61
6.1000000000000005
4.050000000000001
4.6899999999999995
8.5
2.0200000000000005
2.0200000000000005
2.0200000000000005
2.7199999999999998
4.99
7.89
3.0100000000000002
2.8500000000000005
4.13
4.380000000000001
4.380000000000001
2.11
3.2
3.2
2.11
2.16
6.64
2.9799999999999995
2.9799999999999995
2.16
2.16
3.67
2.11
8.799999999999999
9.6
8.9
8.500000000000002
7.550000000000002
5.760000000000001
6.640000000000001
8.910000000000002
6.540000000000001
8.630000000000003
3.9899999999999998
2.11
6.219999999999999
3.0100000000000002
4.24
6.43
7.450000000000001
7.450000000000001
5.64
7.52
5.78
5.2700000000000005
5.35
4.56
6.89
2.24
3.78
8.32
2.9000000000000004
2.9000000000000004
9.21
11.73
7.94
7.94
8.390000000000002
6.22
11.450000000000003
13.450000000000003
12.430000000000001
12.310000000000004
3.33
5.0
3.1100000000000003
4.589999999999999
4.589999999999999
7.920000000000001
3.88
3.88
3.7
8.7
6.669999999999999
2.9799999999999995
2.9799999999999995
5.69
8.17
6.97
9.489999999999998
6.04
8.309999999999999
6.38
5.530000000000001
5.650000000000001
6.650000000000001
5.35
3.29
6.5600000000000005
10.43
10.049999999999999
5.87
3.1100000000000003
7.6000000000000005
6.71
5.2299999999999995
5.2299999999999995
4.41
7.58
8.540000000000001
5.21
4.92
4.48
6.36
7.3
7.3
12.740000000000002
12.740000000000002
11.330000000000002
5.2
5.2
5.7700000000000005
9.64
3.2699999999999996
2.9299999999999997
2.5600000000000005
2.6800000000000006
3.0999999999999996
6.739999999999999
8.72
8.72
2.83
3.45
3.45
5.329999999999999
6.960000000000001
6.960000000000001
4.91
8.93
8.93
8.870000000000001
8.630000000000003
12.120000000000003
6.7200000000000015
7.3100000000000005
4.16
4.16
3.79
6.819999999999999
6.819999999999999
9.900000000000002
4.840000000000001
5.4799999999999995
5.4799999999999995
9.89
9.89
12.41
15.579999999999998
11.310000000000002
6.299999999999999
5.3999999999999995
5.3999999999999995
8.84
8.84
9.31
9.78
12.12
12.45
12.45
15.9
7.28
2.9799999999999995
3.5200000000000005
3.5200000000000005
5.66
4.390000000000001
8.799999999999999
8.799999999999999
2.43
7.83
9.01
5.64
5.64
5.64
5.49
7.640000000000001
4.760000000000001
2.8800000000000003
3.0300000000000002
3.0300000000000002
3.0300000000000002
5.88
7.27
8.05
6.279999999999999
6.279999999999999
5.680000000000001
6.480000000000001
6.480000000000001
4.380000000000001
4.51
5.39
3.9300000000000006
5.9799999999999995
12.610000000000001
7.220000000000001
6.27
5.929999999999999
7.630000000000001
6.3500000000000005
9.1
5.529999999999999
2.24
2.24
4.95
5.8500000000000005
7.170000000000001
7.99
6.4399999999999995
8.15
8.530000000000001
8.530000000000001
2.16
2.16
6.599999999999999
3.48
3.48
3.48
3.48
2.7300000000000004
2.7300000000000004
1.6600000000000001
1.6600000000000001
3.88
4.249999999999999
3.4299999999999997
3.4299999999999997
1.6600000000000001
4.61
3.16
3.16
3.16
5.730000000000001
2.11
2.11
2.11
2.11
2.11
2.11
2.11
3.0100000000000002
3.0100000000000002
3.0100000000000002
3.0100000000000002
3.0100000000000002
3.0100000000000002
3.51
3.0100000000000002
5.919999999999999
5.919999999999999
5.919999999999999
5.919999999999999
4.56
6.22
9.07
9.07
3.6900000000000004
2.14
2.14
3.0100000000000002
4.78
4.78
2.7300000000000004
2.7300000000000004
4.56
5.58
5.45
5.45
4.56
5.529999999999999
7.4
7.589999999999999
3.24
3.24
3.24
5.19
7.02
7.030000000000001
7.030000000000001
4.5200000000000005
4.5200000000000005
4.78
4.78
4.51
8.05
9.840000000000002
9.169999999999998
4.63
4.63
4.51
4.3500000000000005
4.3500000000000005
3.67
2.9000000000000004
2.9000000000000004
3.0200000000000005
2.8500000000000005
2.8500000000000005
3.0200000000000005
2.24
5.19
6.510000000000001
5.19
3.24
4.03
4.03
3.16
2.24
2.24
2.24
2.24
2.24
2.24
2.24
5.779999999999999
5.8
5.8
3.0100000000000002
3.87
5.3999999999999995
5.3999999999999995
2.5600000000000005
2.11
2.11
2.11
3.78
6.5600000000000005
6.5600000000000005
2.9799999999999995
6.069999999999999
6.57
6.57
7.14
8.010000000000002
3.75
6.67
4.51
4.51
5.01
5.01
5.01
5.01
4.69
2.6800000000000006
2.6800000000000006
2.6800000000000006
2.6800000000000006
2.8500000000000005
2.8500000000000005
2.8500000000000005
2.8500000000000005
2.8500000000000005
2.0200000000000005
2.0200000000000005
2.0200000000000005
2.0200000000000005
2.0200000000000005
2.0200000000000005
2.0200000000000005
2.0200000000000005
2.0200000000000005
2.0200000000000005
2.0200000000000005
2.0200000000000005
3.6900000000000004
5.35
3.56
3.0100000000000002
3.0100000000000002
4.76
3.6900000000000004
3.6900000000000004
3.6900000000000004
5.13
5.13
5.13
7.930000000000001
2.14
2.14
2.14
2.14
3.6900000000000004
3.6900000000000004
3.6900000000000004
3.6900000000000004
3.6900000000000004
3.6900000000000004
3.6900000000000004
3.6900000000000004
3.6900000000000004
3.6900000000000004
3.6900000000000004
3.6900000000000004
2.3600000000000003
2.3600000000000003
2.3600000000000003
3.69
3.69
5.01
2.3600000000000003
2.3600000000000003
2.3600000000000003
2.3600000000000003
2.3600000000000003
2.3600000000000003
2.24
2.24
2.24
2.24
2.24
3.69
3.78
2.9000000000000004
2.9000000000000004
2.9000000000000004
2.9000000000000004
2.24
2.16
2.16
2.16
2.11
2.11
2.11
2.11
2.11
2.11
2.11
2.11
2.11
2.9299999999999997
2.9299999999999997
2.9299999999999997
2.9299999999999997
2.9299999999999997
2.9299999999999997
2.83
2.83
2.83
2.83
2.83
2.5
2.5
2.5
2.5
2.5
2.5
2.38
2.38
2.38
2.38
2.38
2.38
2.38
2.38
2.38
2.38
2.38
2.38
2.38
2.38
2.38
2.38
2.38
2.38
2.38
2.38
2.38
2.11
3.43
3.43
3.43
3.43
3.43
2.11
2.11
2.11
2.11
2.43
2.43
2.43
2.43
2.43
2.43
2.43
2.43
2.43
2.43
2.8800000000000003
2.8800000000000003
2.8800000000000003
2.8800000000000003
2.8800000000000003
2.8800000000000003
2.8800000000000003
2.8500000000000005
2.8500000000000005
2.8500000000000005
2.8500000000000005
2.8500000000000005
2.8500000000000005
2.8500000000000005
2.8500000000000005
2.8500000000000005
2.8500000000000005
3.6800000000000006
3.6800000000000006
3.9300000000000006
3.9300000000000006
3.9300000000000006
3.9300000000000006
3.9300000000000006
3.9300000000000006
4.04
3.62
3.62
3.62
3.62
3.62
2.8000000000000003
2.8000000000000003
2.8800000000000003
2.8800000000000003
2.8800000000000003
2.8800000000000003
2.43
2.43
2.43
2.43
2.43
2.43
2.14
2.14
2.14
2.14
2.0200000000000005
2.0200000000000005
2.0200000000000005
2.0200000000000005
2.0200000000000005
2.0200000000000005
2.0200000000000005
2.0200000000000005
2.0200000000000005
2.0200000000000005
2.0200000000000005
2.0200000000000005
2.0200000000000005
2.0200000000000005
2.0200000000000005
2.0200000000000005
2.0200000000000005
2.0200000000000005
2.0200000000000005
2.0200000000000005
2.0200000000000005
2.0200000000000005
2.0200000000000005
2.14
2.14
2.14
2.14
2.14
2.14
2.14
2.0200000000000005
2.0200000000000005
2.0200000000000005
2.0200000000000005
2.0200000000000005
2.0200000000000005
2.0200000000000005
2.0200000000000005
2.0200000000000005
2.0200000000000005
2.0200000000000005
2.0200000000000005
2.0200000000000005
2.0200000000000005
2.0200000000000005
2.0200000000000005
2.0200000000000005
2.0200000000000005
2.0200000000000005
2.0200000000000005
2.0200000000000005
2.0200000000000005
2.0200000000000005
2.0200000000000005
2.0200000000000005
2.0200000000000005
2.0200000000000005
2.0200000000000005
2.0200000000000005
2.0200000000000005
2.0200000000000005
2.0200000000000005
2.0200000000000005
2.0200000000000005
2.0200000000000005
2.0200000000000005
2.0200000000000005
2.0200000000000005
2.0200000000000005
2.0200000000000005
2.0200000000000005
2.0200000000000005
2.0200000000000005
2.0200000000000005
2.0200000000000005
2.0200000000000005
2.0200000000000005
2.0200000000000005
2.0200000000000005
2.0200000000000005
2.0200000000000005
2.0200000000000005
2.0200000000000005
2.0200000000000005
2.0200000000000005
2.0200000000000005
2.0200000000000005
2.0200000000000005
2.0200000000000005
2.0200000000000005
2.0200000000000005
2.0200000000000005
2.0200000000000005
2.0200000000000005
2.0200000000000005
2.0200000000000005
2.0200000000000005
2.0200000000000005
2.0200000000000005
2.0200000000000005
2.0200000000000005
2.0200000000000005
2.0200000000000005
2.0200000000000005
2.0200000000000005
2.0200000000000005
2.0200000000000005
2.0200000000000005
2.0200000000000005
2.0200000000000005
2.0200000000000005
2.0200000000000005
2.0200000000000005
2.0200000000000005
2.0200000000000005
2.0200000000000005
2.0200000000000005
2.0200000000000005
2.0200000000000005
2.0200000000000005
2.0200000000000005
2.0200000000000005
2.0200000000000005
2.0200000000000005
2.0200000000000005
2.0200000000000005
2.0200000000000005
2.0200000000000005
2.0200000000000005
2.0200000000000005
2.0200000000000005
2.0200000000000005
2.0200000000000005
2.0200000000000005
2.0200000000000005
2.0200000000000005
2.0200000000000005
2.0200000000000005
2.0200000000000005
2.0200000000000005
2.0200000000000005
2.0200000000000005
2.0200000000000005
2.0200000000000005
2.0200000000000005
2.0200000000000005
2.0200000000000005
2.0200000000000005
2.0200000000000005
2.0200000000000005
2.0200000000000005
2.0200000000000005
2.0200000000000005
2.0200000000000005
2.0200000000000005
2.0200000000000005
2.0200000000000005
2.0200000000000005
2.0200000000000005
2.0200000000000005
2.0200000000000005
2.0200000000000005
2.0200000000000005
2.0200000000000005
2.0200000000000005
2.0200000000000005
2.0200000000000005
2.0200000000000005
2.0200000000000005
2.0200000000000005
2.0200000000000005
2.0200000000000005
2.0200000000000005
2.0200000000000005
2.0200000000000005
2.0200000000000005
2.0200000000000005
2.0200000000000005
2.0200000000000005
2.0200000000000005
2.0200000000000005
2.0200000000000005
2.0200000000000005
2.14
2.0200000000000005
2.0200000000000005
2.0200000000000005
2.0200000000000005
2.0200000000000005
2.0200000000000005
2.0200000000000005
2.0200000000000005
2.0200000000000005
2.0200000000000005
2.0200000000000005
2.11
2.11
2.11
2.11
2.11
2.11
2.11
2.11
2.11
2.11
2.11
2.11
2.11
2.11
2.11
2.11
2.11
2.11
2.11
2.11
2.11
2.11
2.11
2.11
2.11
2.11
2.11
2.11
2.11
2.11
2.11
2.11
2.11
2.11
2.11
2.11
1.78
1.78
1.78
1.78
1.78
1.78
1.6600000000000001
1.6600000000000001
1.6600000000000001
1.6600000000000001
1.6600000000000001
1.6600000000000001
1.6600000000000001
1.6600000000000001
1.6600000000000001
1.6600000000000001
1.6600000000000001
1.6600000000000001
1.6600000000000001
1.6600000000000001
1.6600000000000001
1.6600000000000001
1.6600000000000001
1.6600000000000001
1.6600000000000001
1.6600000000000001
1.6600000000000001
1.6600000000000001
1.6600000000000001
1.6600000000000001
1.6600000000000001
1.6600000000000001
1.6600000000000001
1.6600000000000001
1.6600000000000001
1.6600000000000001
1.6600000000000001
1.6600000000000001
1.6600000000000001
1.6600000000000001
1.6600000000000001
1.6600000000000001
1.6600000000000001
1.6600000000000001
1.6600000000000001
1.6600000000000001
1.6600000000000001
1.6600000000000001
1.6600000000000001
1.6600000000000001
1.6600000000000001
1.6600000000000001
1.6600000000000001
1.6600000000000001
1.6600000000000001
1.6600000000000001
1.6600000000000001
1.6600000000000001
1.6600000000000001
1.6600000000000001
1.6600000000000001
1.6600000000000001
1.6600000000000001
1.6600000000000001
1.6600000000000001
1.6600000000000001
1.6600000000000001
1.6600000000000001
1.6600000000000001
1.6600000000000001
1.6600000000000001
1.6600000000000001
1.6600000000000001
1.6600000000000001
1.6600000000000001
1.6600000000000001
1.6600000000000001
1.6600000000000001
1.6600000000000001
1.6600000000000001
1.6600000000000001
1.6600000000000001
1.6600000000000001
1.6600000000000001
1.6600000000000001
1.6600000000000001
1.6600000000000001
1.6600000000000001
1.6600000000000001
1.6600000000000001
1.6600000000000001
1.6600000000000001
1.6600000000000001
1.6600000000000001
1.6600000000000001
1.6600000000000001
1.6600000000000001
1.6600000000000001
1.6600000000000001
1.6600000000000001
1.6600000000000001
1.6600000000000001
1.6600000000000001
1.6600000000000001
1.6600000000000001
1.6600000000000001
1.6600000000000001
1.6600000000000001
1.6600000000000001
1.6600000000000001
1.6600000000000001
1.6600000000000001
1.6600000000000001
1.6600000000000001
1.6600000000000001
1.6600000000000001
1.6600000000000001
1.6600000000000001
1.6600000000000001
1.6600000000000001
1.6600000000000001
1.6600000000000001
1.6600000000000001
1.6600000000000001
1.6600000000000001
1.6600000000000001
1.6600000000000001
1.6600000000000001
1.6600000000000001
1.6600000000000001
1.6600000000000001
1.6600000000000001
1.6600000000000001
1.6600000000000001
1.6600000000000001
1.6600000000000001
1.6600000000000001
1.6600000000000001
1.6600000000000001
1.6600000000000001
1.6600000000000001
1.6600000000000001
1.6600000000000001
1.6600000000000001
1.6600000000000001
1.6600000000000001
1.6600000000000001
1.6600000000000001
1.6600000000000001
1.6600000000000001
1.6600000000000001
1.6600000000000001
1.6600000000000001
1.6600000000000001
1.6600000000000001
1.6600000000000001
1.6600000000000001
1.6600000000000001
1.6600000000000001
1.6600000000000001
1.6600000000000001
1.6600000000000001
1.6600000000000001
1.6600000000000001
1.6600000000000001
1.6600000000000001
1.6600000000000001
1.6600000000000001
1.6600000000000001
1.6600000000000001
1.6600000000000001
1.6600000000000001
1.6600000000000001
1.6600000000000001
1.6600000000000001
1.6600000000000001
1.6600000000000001
1.6600000000000001
1.6600000000000001
1.6600000000000001
1.6600000000000001
1.6600000000000001
1.6600000000000001
1.6600000000000001
1.6600000000000001
1.6600000000000001
1.6600000000000001
1.6600000000000001
1.6600000000000001
1.6600000000000001
1.6600000000000001
1.6600000000000001
1.6600000000000001
1.6600000000000001
1.6600000000000001
1.6600000000000001
1.6600000000000001
1.6600000000000001
1.6600000000000001
1.6600000000000001
1.6600000000000001
1.6600000000000001
1.6600000000000001
1.6600000000000001
1.6600000000000001
1.6600000000000001
1.6600000000000001
1.6600000000000001
1.6600000000000001
1.6600000000000001
1.6600000000000001
1.6600000000000001
1.6600000000000001
1.6600000000000001
1.6600000000000001
1.6600000000000001
1.6600000000000001
1.6600000000000001
1.6600000000000001
1.6600000000000001
1.6600000000000001
1.6600000000000001
1.6600000000000001
1.6600000000000001
1.6600000000000001
1.6600000000000001
1.6600000000000001
1.6600000000000001
1.6600000000000001
1.6600000000000001
1.6600000000000001
1.6600000000000001
1.6600000000000001
1.6600000000000001
1.6600000000000001
1.6600000000000001
1.6600000000000001
1.6600000000000001
1.6600000000000001
1.6600000000000001
1.6600000000000001
1.6600000000000001
1.6600000000000001
1.6600000000000001
1.6600000000000001
1.6600000000000001
1.6600000000000001
1.6600000000000001
1.6600000000000001
1.6600000000000001
1.6600000000000001
1.6600000000000001
1.6600000000000001
1.6600000000000001
1.6600000000000001
1.6600000000000001
1.6600000000000001
1.6600000000000001
1.6600000000000001
1.6600000000000001
1.6600000000000001
1.6600000000000001
1.6600000000000001
1.6600000000000001
1.6600000000000001
1.6600000000000001
1.6600000000000001
1.6600000000000001
1.6600000000000001
1.6600000000000001
1.6600000000000001
1.6600000000000001
1.6600000000000001
1.6600000000000001
1.6600000000000001
1.6600000000000001
1.6600000000000001
1.6600000000000001
1.6600000000000001
1.6600000000000001
1.6600000000000001
1.6600000000000001
1.6600000000000001
1.6600000000000001
1.6600000000000001
1.6600000000000001
1.6600000000000001
1.6600000000000001
1.6600000000000001
1.6600000000000001
1.6600000000000001
1.6600000000000001
1.6600000000000001
1.6600000000000001
1.6600000000000001
1.6600000000000001
1.6600000000000001
1.6600000000000001
1.6600000000000001
1.6600000000000001
1.6600000000000001
1.6600000000000001
1.6600000000000001
1.6600000000000001
1.6600000000000001
1.6600000000000001
1.6600000000000001
1.6600000000000001
1.6600000000000001
1.6600000000000001
1.6600000000000001
1.6600000000000001
1.6600000000000001
1.6600000000000001
1.6600000000000001
1.6600000000000001
1.6600000000000001
1.6600000000000001
1.6600000000000001
1.6600000000000001
1.6600000000000001
1.6600000000000001
1.6600000000000001
1.6600000000000001
1.6600000000000001
1.6600000000000001
1.6600000000000001
1.6600000000000001
1.6600000000000001
1.6600000000000001
1.6600000000000001
1.6600000000000001
1.6600000000000001
1.6600000000000001
1.6600000000000001
1.6600000000000001
1.6600000000000001
1.6600000000000001
1.6600000000000001
1.6600000000000001
1.6600000000000001
1.6600000000000001
1.6600000000000001
1.6600000000000001
1.6600000000000001
1.6600000000000001
1.6600000000000001
1.6600000000000001
1.6600000000000001
1.6600000000000001
1.6600000000000001
1.6600000000000001
1.6600000000000001
1.6600000000000001
1.6600000000000001
1.6600000000000001
1.6600000000000001
1.6600000000000001
1.6600000000000001
1.6600000000000001
1.6600000000000001
1.6600000000000001
1.6600000000000001
1.6600000000000001
1.6600000000000001
1.6600000000000001
1.6600000000000001
1.6600000000000001
1.6600000000000001
1.6600000000000001
1.6600000000000001
1.6600000000000001
1.6600000000000001
1.6600000000000001
1.6600000000000001
1.6600000000000001
1.6600000000000001
1.6600000000000001
1.6600000000000001
1.6600000000000001
1.6600000000000001
1.6600000000000001
1.6600000000000001
1.6600000000000001
1.6600000000000001
1.6600000000000001
1.6600000000000001
1.6600000000000001
1.6600000000000001
1.6600000000000001
1.6600000000000001
1.6600000000000001
1.6600000000000001
1.6600000000000001
1.6600000000000001
1.6600000000000001
1.6600000000000001
1.6600000000000001
1.6600000000000001
1.6600000000000001
1.6600000000000001
1.6600000000000001
1.6600000000000001
1.6600000000000001
1.6600000000000001
1.6600000000000001
1.6600000000000001
1.6600000000000001
1.6600000000000001
1.6600000000000001
1.6600000000000001
1.6600000000000001
1.6600000000000001
1.6600000000000001
1.6600000000000001
1.6600000000000001
1.6600000000000001
1.6600000000000001
1.6600000000000001
1.6600000000000001
1.6600000000000001
1.6600000000000001
1.6600000000000001
1.6600000000000001
1.6600000000000001
1.6600000000000001
1.6600000000000001
1.6600000000000001
1.6600000000000001
1.6600000000000001
1.6600000000000001
1.6600000000000001
1.6600000000000001
1.6600000000000001
1.6600000000000001
1.6600000000000001
1.6600000000000001
1.6600000000000001
1.6600000000000001
1.6600000000000001
1.6600000000000001
1.6600000000000001
1.6600000000000001